1,19,44,61,67,54,59,5G,27,5B,5A,5G,27,1D,58,60,52,5H,59,67
2,8
3,7,143,216,210,223,223,216,215,44,220,216,210,223,216,215,62,44,213,166,205,210,44,200,225,203,206,44,223,216,215,205
4,30,39,3I,37,3P,3P,3B,3P,12,3P,37,3F,3H,37,3K,3D,12,39,3F,3O,39,3R,3P,12,3M,3O,3L,3I,3L,3K,3D,1G
5,29,29,3H,41,3R,3N,3I,3N,3G,13,29,3R,3I,3C,3K,13,19,13,30,3A,40,3S,3O,3N,13,3F,3A,3C,40,3O,3I,3D,3S
6,20,3F,51,4H,5G,5F,27,49,51,4H,5G,5F,1C,5E,51,4J,55,5G,4H,5G,55,5I,51,1C,4H,5A,50,5E,5B,55,50,5F,24
7,13,85,76,78,76,85,26,77,8A,87,83,7A,86,26,3A,3B,28,26,78,94,78,84,81,86,7C
8,20,50,4H,55,58,61,1C,4J,4H,52,52,51,55,5A,51,1C,20,53,58,5H,53,1C,53,58,5H,53,21,1C,5F,5C,55,57,55,5A,53,26
9,31
10,9,73,122,130,130,35,136,126,132,124,36,36,35,77,130,122,122,126,132,124,35,138,122,122,132,117,124,122,35,130,117,126,138,144,35,70
11,7,146,166,210,233,203,222,210,232,166,44,223,225,233,203,222,166,210,215,224,232,64
12,21,3K,4K,4D,4F,52,53,4H,5A,1B,4F,53,50,55,52,50,55,4J,22,1B,ID5,5A,50,4E,4H,4K,1B,5A,4K,4D,4J,1B,4G,5C,4G,4H,22,ID6
13,23,50,4K,49,47,51,45,47,4G,4D,50,51,45,50,19,4F,45,4J,19,4K,49,4C,19,4F,45,4J,19,46,52,20
14,3,10002,11010,10220,11110,10121,11002,11022,10202,1200,10212,11100,10220,11022,10121,11020,10201,11021,1012,10211,11000,11010,10122,10121,11000,1012,10200,11020,11100,11001,10122,11000,10202,2012
15,6,252,321,304,245,310,310,245,241,300,253,311,312,52,312,310,245,241,244,301,253,300,300,52,312,310,313,302,244,300,245,114
