16
4
2
17
8
20
14
5
5
1
20
18
18
18
4
9
11
6
15
15
9
2
6
11
5
19
2
14
20
11
14
3
5
17
8
5
17
10
20
12
16
20
2
4
4
15
9
5
11
1
8
15
19
11
5
7
20
2
18
19
20
13
3
11
1
15
7
1
16
19
5
2
5
20
17
11
16
19
18
18
6
8
2
1
15
4
10
16
17
20
2
10
3
4
5
6
17
13
12
18
17
6
8
15
9
8
3
20
7
6
10
3
1
16
13
3
18
20
17
6
2
20
10
13
17
8
15
12
18
12
12
13
10
18
3
18
16
15
8
17
3
4
3
13
1
19
1
8
15
5
11
16
2
2
20
18
17
20
6
3
2
4
17
14
17
1
6
5
13
10
5
15
9
19
9
4
5
6
19
2
3
18
18
18
6
10
10
14
11
7
14
5
15
11
2
15
11
6
7
12
15
13
12
7
14
6
10
19
10
1
4
16
8
7
14
20
14
5
20
20
4
3
18
12
9
8
12
1
1
18
10
13
14
6
6
6
13
16
16
15
8
2
19
1
14
6
15
17
17
9
4
16
14
12
11
6
20
11
17
12
10
20
18
7
5
2
13
16
1
9
17
19
4
6
20
18
7
1
3
3
11
5
12
10
9
1
20
8
8
20
18
4
3
14
8
15
10
11
9
13
16
2
4
1
15
17
20
8
11
20
1
3
8
16
8
14
5
1
8
7
16
13
10
7
6
13
12
17
3
7
17
9
6
10
14
20
12
13
5
16
14
5
13
7
18
12
13
6
14
13
20
10
17
6
8
13
20
3
1
19
18
13
3
9
5
13
5
19
12
6
1
11
3
6
19
16
16
4
16
13
16
18
11
17
1
6
3
11
5
14
9
7
7
7
14
5
13
14
14
6
11
11
15
2
16
7
3
5
4
14
13
5
3
8
7
1
2
15
6
8
4
6
8
8
13
4
15
19
12
10
20
5
9
6
2
1
16
14
3
20
4
6
3
20
7
7
10
3
8
3
20
13
17
5
20
3
1
15
9
13
9
2
12
4
4
11
9
6
8
12
4
17
3
6
3
5
12
11
8
1
12
15
15
15
17
12
3
13
18
4
18
5
11
3
6
3
14
17
1
10
8
18
13
2
19
3
2
13
7
18
3
13
16
10
16
8
19
11
10
12
17
18
12
10
5
11
19
3
4
4
3
8
12
18
3
13
4
19
13
2
18
9
4
3
16
7
20
20
9
12
15
10
15
5
8
15
1
8
11
20
17
18
10
20
5
3
3
18
2
3
14
13
17
7
13
12
18
15
8
18
5
17
9
13
17
2
17
10
19
7
1
14
8
5
9
7
12
3
6
5
2
9
11
18
14
16
12
16
11
7
5
18
9
17
13
7
13
18
4
6
3
5
15
16
1
8
3
15
10
2
13
9
14
5
9
10
14
10
13
11
15
1
7
9
14
1
4
12
3
5
19
12
3
11
12
7
1
7
18
14
20
1
12
7
12
20
18
1
11
2
6
9
18
4
18
8
8
1
11
11
1
2
13
2
5
1
9
13
15
14
14
8
4
11
5
10
9
20
11
18
17
16
20
4
20
18
19
8
4
17
2
7
8
13
5
10
2
5
8
16
10
14
15
15
18
12
15
11
16
20
6
11
5
2
11
15
14
15
11
20
12
17
17
5
7
17
4
19
3
13
11
11
12
20
8
8
17
19
18
4
13
11
13
15
19
4
20
2
8
9
2
6
15
7
8
8
15
9
2
12
2
11
17
10
12
18
2
11
6
14
12
1
13
13
15
19
6
3
16
11
19
2
3
5
2
9
6
12
13
16
1
6
2
7
14
2
20
20
15
17
2
9
6
19
16
12
3
17
20
16
9
20
20
6
10
6
12
2
3
11
10
4
14
8
7
16
14
8
14
1
1
9
3
5
1
20
7
10
12
10
13
3
7
11
7
2
20
20
4
8
9
17
20
8
13
20
7
11
9
18
5
15
15
11
12
5
14
12
3
5
17
17
5
19
20
15
10
16
18
9
17
14
5
9
12
2
20
2
16
1
16
10
10
6
3
13
12
1
7
20
16
1
7
19
9
13
14
5
1
7
3
20
4
8
8
11
13
11
16
7
12
11
7
17
2
20
15
18
15
11
15
10
14
2
18
1
10
3
17
16
19
8
20
6
19
2
14
5
1
9
17
17
17
19
2
14
13
18
10
14
13
18
17
14
20
18
18
1
20
2
2
7
5
12
18
15
3
19
9
7
