785815986
785838527
785838814
785840295
785840450
785846044
785859205
785865674
785866445
785869973
785870387
785871366
785875136
785876905
785877556
785879415
785882443
785883453
785884155
785886498
785900314
783407083
785855934
785874764
785880223
785893696
21135737
503790959
506121475
705844235
726401118
752853116
759100179
768697687
769915757
770234925
772977887
773456254
780830725
781985678
783260723
783927822
784023085
784396679
784664374
784759844
784962154
784990198
785107485
785123400
785123909
785192090
785209625
785399865
785464485
785480872
785686837
785708497
785820014
785828784
785830925
785856223
785868869

402547052
458042251
492593970
503794058
506117423
527157636
546413415
553504535
674488778
710209715
729725547
768728450
773553838
778862491
780644940
780831132
781792130
783382212
783640624
783783417
783797224
783807031
783814186
783817427
783818088
783821858
783822622
783825655
783835698
783851238
783867984
783880959
783882967
783883398
783897293
783903270
783905286
783910452
783911857
783911994
783915552
783922413
783925787
783931618
783943823
783969035
783973531
783997865
784002019
784005907
784047667
784072677
784092506
784096963
784101468
784103518
784106387
784114157
784120815
784143200
784157508
784158600
784186970
784217579
784253482
784255217
784281506
784296290
784340326
784345046
784340326
784345046
784380459
784450487
784464616
784465048
784473851
784479580
784488956
784517438
784524838
784555230
784566742
784570736
784617388
784618550
784618799
784634031
784655178
784655879
784656354
784661294
784686485
784689660
784703402
784735649
784736052
784744740
784756374
784757513
784764537
784800441
784803327
784841076
784845637
784855831
784863267
784881795
784886376
784892902
