p!p add 7040 6746 7108 6701 7344 7256 7175 6803 6944 6634 7093 7205 648 6011 7031 4429 6664 4906 7065 808
p!p add 7040 6746 7108 6701 7344 7256 7175 6803 6944 6634 7093 7205 648 6011 7031 4429 6664 4906 7065 808
p!p add 6820 6847 6805 6828 6980 7186 7206 7335 6482 6819 6825 7207 2243 6386 6652 6745 6925 206 5577 6739
p!p add 7247 3649 6702 6937 7047 7236 7241 5326 7229 6947 6928 7028 5327 5997 6037 6352 6743 7072 7288 5770
p!p add 6618 6733 6897 7287 6951 7014 1826 2241 6985 4038 5330 6818 7002 7073 7301 3646 5692 6028 7336 6017
p!p add 6067 6366 6627 3478 5167 6622 6913 7149 7164 7272 6816 6839 6905 7012 7141 7211 7349 2246 6783 6929
oak ღ reapyrToday at 12:40
p!pokemon 9 --name delcatty
[bot] reapyr
BOT
Today at 12:40
p!p add 7203 7238 2525 6018 7282 2515 3052 6062 6738 6811 6697 6893 6926 7026 7193 7249 7346 6633 6731 6826
p!p add 6924 7015 7033 7285 5317 5922 7158 7177 6015 6802 6938 6981 7248 6022 6060 7345 5791 6725 6736 7338
p!p add 6784 6858 6900 5570 5878 6079 7145 7156 6734 7181 2237 4965 6821 6850 6884 6369 6982 7255 6061 6806
oak ღ reapyrToday at 12:40
p!pokemon 12 --name delcatty
[bot] reapyr
BOT
Today at 12:40
p!p add 7157 7347 6964 7001 7103 203 6780 7165 6620 6810 5523 6624 6657 6779 6906 1836 5114 6423 6869 6907
p!p add 6835 7128 7187 2289 7068 7212 268 4289 6832 6838 7342 2245 6705 6809 6849 3979 6837 7210 4688 6081
p!p add 7095 7343 7178 7339 6844 6961 6781